# Cities
12 99
53 79
79 55
1 35
40 94
30 85
69 38
8 27
52 94
51 12
6 41
83 81
15 6
86 88
87 71
50 10
99 67
99 33
5 13
43 87
54 19
39 4
54 48
67 52
71 3
63 55
40 55
15 48
99 51
58 68

# Distance Matrix D
0 46 80 65 28 23 83 72 40 95 58 73 93 75 80 97 93 109 86 33 90 99 66 72 113 67 52 51 99 55
46 0 35 68 20 24 44 69 15 67 60 30 82 34 35 69 48 65 82 13 60 76 31 30 78 26 27 49 54 12
80 35 0 81 55 57 20 76 47 51 74 26 81 34 18 54 23 30 85 48 44 65 26 12 53 16 39 64 20 25
65 68 81 0 71 58 68 11 78 55 8 94 32 100 93 55 103 98 22 67 55 49 55 68 77 65 44 19 99 66
28 20 55 71 0 13 63 74 12 83 63 45 91 46 52 85 65 85 88 8 76 90 48 50 96 45 39 52 73 32
23 24 57 58 13 0 61 62 24 76 50 53 80 56 59 78 71 86 76 13 70 81 44 50 92 45 32 40 77 33
83 44 20 68 63 61 0 62 59 32 63 45 63 53 38 34 42 30 69 55 24 45 18 14 35 18 34 55 33 32
72 69 76 11 74 62 62 0 80 46 14 92 22 99 90 45 99 91 14 69 47 39 51 64 67 62 43 22 94 65
40 15 47 78 12 24 59 80 0 82 70 34 95 35 42 84 54 77 94 11 75 91 46 45 93 41 41 59 64 27
95 67 51 55 83 76 32 46 82 0 54 76 36 84 69 2 73 52 46 75 8 14 36 43 22 45 44 51 62 56
58 60 74 8 63 50 63 14 70 54 0 87 36 93 86 54 97 93 28 59 53 50 49 62 75 59 37 11 94 59
73 30 26 94 45 53 45 92 34 76 87 0 101 8 11 78 21 51 103 40 68 89 44 33 79 33 50 76 34 28
93 82 81 32 91 80 63 22 95 36 36 101 0 108 97 35 104 88 12 86 41 24 57 69 56 69 55 42 95 75
75 34 34 100 46 56 53 99 35 84 93 8 108 0 17 86 25 57 110 43 76 96 51 41 86 40 57 81 39 34
80 35 18 93 52 59 38 90 42 69 86 11 97 17 0 71 13 40 100 47 62 82 40 28 70 29 50 76 23 29
97 69 54 55 85 78 34 45 84 2 54 78 35 86 71 0 75 54 45 77 10 13 38 45 22 47 46 52 64 59
93 48 23 103 65 71 42 99 54 73 97 21 104 25 13 75 0 34 108 59 66 87 49 35 70 38 60 86 16 41
109 65 30 98 85 86 30 91 77 52 93 51 88 57 40 54 34 0 96 78 47 67 47 37 41 42 63 85 18 54
86 82 85 22 88 76 69 14 94 46 28 103 12 110 100 45 108 96 0 83 49 35 60 73 67 72 55 36 101 76
33 13 48 67 8 13 55 69 11 75 59 40 86 43 47 77 59 78 83 0 69 83 41 42 89 38 32 48 67 24
90 60 44 55 76 70 24 47 75 8 53 68 41 76 62 10 66 47 49 69 0 21 29 35 23 37 39 49 55 49
99 76 65 49 90 81 45 39 91 14 50 89 24 96 82 13 87 67 35 83 21 0 46 56 32 56 51 50 76 67
66 31 26 55 48 44 18 51 46 36 49 44 57 51 40 38 49 47 60 41 29 46 0 14 48 11 16 39 45 20
72 30 12 68 50 50 14 64 45 43 62 33 69 41 28 45 35 37 73 42 35 56 14 0 49 5 27 52 32 18
113 78 53 77 96 92 35 67 93 22 75 79 56 86 70 22 70 41 67 89 23 32 48 49 0 53 61 72 56 66
67 26 16 65 45 45 18 62 41 45 59 33 69 40 29 47 38 42 72 38 37 56 11 5 53 0 23 49 36 14
52 27 39 44 39 32 34 43 41 44 37 50 55 57 50 46 60 63 55 32 39 51 16 27 61 23 0 26 59 22
51 49 64 19 52 40 55 22 59 51 11 76 42 81 76 52 86 85 36 48 49 50 39 52 72 49 26 0 84 47
99 54 20 99 73 77 33 94 64 62 94 34 95 39 23 64 16 18 101 67 55 76 45 32 56 36 59 84 0 44
55 12 25 66 32 33 32 65 27 56 59 28 75 34 29 59 41 54 76 24 49 67 20 18 66 14 22 47 44 0

# Exhaustive Results
5 0.000075 229.000000 [0, 3, 2, 1, 4, 0]
6 0.000236 237.000000 [0, 3, 2, 1, 4, 5, 0]
7 0.001344 244.000000 [0, 3, 6, 2, 1, 4, 5, 0]
8 0.005980 249.000000 [0, 3, 7, 6, 2, 1, 4, 5, 0]
9 0.024848 256.000000 [0, 3, 7, 6, 2, 1, 8, 4, 5, 0]
10 0.074257 272.000000 [0, 3, 7, 9, 6, 2, 1, 8, 4, 5, 0]
11 0.285295 273.000000 [0, 5, 4, 8, 1, 2, 6, 9, 7, 3, 10, 0]
12 1.290489 294.000000 [0, 5, 4, 8, 1, 11, 2, 6, 9, 7, 3, 10, 0]
13 4.293858 306.000000 [0, 5, 4, 8, 1, 11, 2, 6, 9, 12, 7, 3, 10, 0]
14 15.969536 318.000000 [0, 5, 4, 8, 1, 13, 11, 2, 6, 9, 12, 7, 3, 10, 0]
15 59.791120 321.000000 [0, 5, 4, 8, 1, 13, 11, 14, 2, 6, 9, 12, 7, 3, 10, 0]

# Dynamic Results
5 0.000487 229.000000 [0, 4, 1, 2, 3, 0]
6 0.000285 237.000000 [0, 5, 4, 1, 2, 3, 0]
7 0.000705 244.000000 [0, 5, 4, 1, 2, 6, 3, 0]
8 0.001792 249.000000 [0, 5, 4, 1, 2, 6, 7, 3, 0]
9 0.004964 256.000000 [0, 5, 4, 8, 1, 2, 6, 7, 3, 0]
10 0.011753 272.000000 [0, 5, 4, 8, 1, 2, 6, 9, 7, 3, 0]
11 0.036619 273.000000 [0, 10, 3, 7, 9, 6, 2, 1, 8, 4, 5, 0]
12 0.068671 294.000000 [0, 10, 3, 7, 9, 6, 2, 11, 1, 8, 4, 5, 0]
13 0.151054 306.000000 [0, 10, 3, 7, 12, 9, 6, 2, 11, 1, 8, 4, 5, 0]
14 0.359379 318.000000 [0, 10, 3, 7, 12, 9, 6, 2, 11, 13, 1, 8, 4, 5, 0]
15 0.812965 321.000000 [0, 10, 3, 7, 12, 9, 6, 2, 14, 11, 13, 1, 8, 4, 5, 0]

# Greedy Results
5 0.000054 229.000000 [0, 4, 1, 2, 3, 0]
6 0.000010 237.000000 [0, 5, 4, 1, 2, 3, 0]
7 0.000010 244.000000 [0, 5, 4, 1, 2, 6, 3, 0]
8 0.000013 249.000000 [0, 5, 4, 1, 2, 6, 7, 3, 0]
9 0.000015 256.000000 [0, 5, 4, 8, 1, 2, 6, 7, 3, 0]
10 0.000017 272.000000 [0, 5, 4, 8, 1, 2, 6, 9, 7, 3, 0]
11 0.000022 273.000000 [0, 5, 4, 8, 1, 2, 6, 9, 7, 3, 10, 0]
12 0.000022 294.000000 [0, 5, 4, 8, 1, 11, 2, 6, 9, 7, 3, 10, 0]
13 0.000025 306.000000 [0, 5, 4, 8, 1, 11, 2, 6, 9, 12, 7, 3, 10, 0]
14 0.000028 322.000000 [0, 5, 4, 8, 1, 11, 13, 2, 6, 9, 12, 7, 3, 10, 0]
15 0.000032 323.000000 [0, 5, 4, 8, 1, 11, 13, 14, 2, 6, 9, 12, 7, 3, 10, 0]
